# Data from Turner, 2015, JAMC. doi:10.1175/JTECH-D-15-0074.1
# freq [GHz] mass abs. coef [m^2 / kg]
  5.0  0.00540107
  6.0  0.00776790
  7.0  0.01055747
  8.0  0.01376613
  9.0  0.01738953
 10.0  0.02142293
 11.0  0.02586107
 12.0  0.03069812
 13.0  0.03592791
 14.0  0.04154375
 15.0  0.04753862
 16.0  0.05390495
 17.0  0.06063508
 18.0  0.06772062
 19.0  0.07515327
 20.0  0.08292420
 21.0  0.09102441
 22.0  0.09944468
 23.0  0.10817554
 24.0  0.11720736
 25.0  0.12653046
 26.0  0.13613493
 27.0  0.14601088
 28.0  0.15614812
 29.0  0.16653680
 30.0  0.17716674
 31.0  0.18802782
 32.0  0.19911009
 33.0  0.21040355
 34.0  0.22189828
 35.0  0.23358452
 36.0  0.24545244
 37.0  0.25749259
 38.0  0.26969551
 39.0  0.28205183
 40.0  0.29455255
 41.0  0.30718870
 42.0  0.31995147
 43.0  0.33283245
 44.0  0.34582323
 45.0  0.35891570
 46.0  0.37210206
 47.0  0.38537453
 48.0  0.39872576
 49.0  0.41214860
 50.0  0.42563594
 51.0  0.43918119
 52.0  0.45277790
 53.0  0.46641985
 54.0  0.48010093
 55.0  0.49381543
 56.0  0.50755788
 57.0  0.52132297
 58.0  0.53510568
 59.0  0.54890110
 60.0  0.56270464
 61.0  0.57651207
 62.0  0.59031906
 63.0  0.60412168
 64.0  0.61791628
 65.0  0.63169901
 66.0  0.64546679
 67.0  0.65921639
 68.0  0.67294474
 69.0  0.68664934
 70.0  0.70032698
 71.0  0.71397565
 72.0  0.72759279
 73.0  0.74117652
 74.0  0.75472436
 75.0  0.76823494
 76.0  0.78170616
 77.0  0.79513658
 78.0  0.80852452
 79.0  0.82186921
 80.0  0.83516871
 81.0  0.84842192
 82.0  0.86162822
 83.0  0.87478644
 84.0  0.88789575
 85.0  0.90095572
 86.0  0.91396492
 87.0  0.92692338
 88.0  0.93983072
 89.0  0.95268570
 90.0  0.96548904
 91.0  0.97823945
 92.0  0.99093708
 93.0  1.00358173
 94.0  1.01617332
 95.0  1.02871181
 96.0  1.04119692
 97.0  1.05362892
 98.0  1.06600778
 99.0  1.07833347
100.0  1.09060596
101.0  1.10282591
102.0  1.11499294
103.0  1.12710752
104.0  1.13916996
105.0  1.15118034
106.0  1.16313895
107.0  1.17504626
108.0  1.18690262
109.0  1.19870799
110.0  1.21046268
111.0  1.22216779
112.0  1.23382300
113.0  1.24542863
114.0  1.25698562
115.0  1.26849394
116.0  1.27995435
117.0  1.29136669
118.0  1.30273200
119.0  1.31405025
120.0  1.32532199
121.0  1.33654759
122.0  1.34772806
123.0  1.35886268
124.0  1.36995304
125.0  1.38099891
126.0  1.39200048
127.0  1.40295893
128.0  1.41387414
129.0  1.42474645
130.0  1.43557669
131.0  1.44636513
132.0  1.45711196
133.0  1.46781754
134.0  1.47848275
135.0  1.48910763
136.0  1.49969257
137.0  1.51023780
138.0  1.52074431
139.0  1.53121173
140.0  1.54164064
141.0  1.55203156
142.0  1.56238482
143.0  1.57270059
144.0  1.58297950
145.0  1.59322157
146.0  1.60342753
147.0  1.61359702
148.0  1.62373104
149.0  1.63382967
150.0  1.64389311
151.0  1.65392151
152.0  1.66391546
153.0  1.67387558
154.0  1.68380102
155.0  1.69369294
156.0  1.70355139
157.0  1.71337691
158.0  1.72316951
159.0  1.73292899
160.0  1.74265622
161.0  1.75235085
162.0  1.76201407
163.0  1.77164511
164.0  1.78124491
165.0  1.79081313
166.0  1.80034998
167.0  1.80985640
168.0  1.81933153
169.0  1.82877618
170.0  1.83819045
171.0  1.84757469
172.0  1.85692885
173.0  1.86625285
174.0  1.87554728
175.0  1.88481225
176.0  1.89404822
177.0  1.90325431
178.0  1.91243181
179.0  1.92158004
180.0  1.93069948
181.0  1.93979028
182.0  1.94885279
183.0  1.95788683
184.0  1.96689222
185.0  1.97586985
186.0  1.98481921
187.0  1.99374068
188.0  2.00263427
189.0  2.01150037
190.0  2.02033850
191.0  2.02914958
192.0  2.03793312
193.0  2.04668935
194.0  2.05541797
195.0  2.06411939
196.0  2.07279459
197.0  2.08144237
198.0  2.09006316
199.0  2.09865722
200.0  2.10722445
